iso3	1980	1981	1982	1983	1984	1985	1986	1987	1988	1989	1990	1991	1992	1993	1994	1995	1996	1997	1998	1999	2000	2001	2002	2003	2004	2005	2006	2007	2008	2009	2010	2011	2012	2013	2014	2015	2016	2017	2018	2019	2020	2021	2022
AFG	NA	NA	10	10	11	17	18	27	40	38	30	21	19	17	15	31	47	43	35	38	30	43	46	44	51	57	60	60	66	64	68	71	78	72	74	76	78	84	89	86	87	84	88
ALB	93	93	92	90	90	92	92	92	92	94	94	80	81	82	87	97	94	94	87	93	93	93	94	95	97	98	97	98	99	97	99	97	96	99	99	99	99	99	99	99	98	99	99
DZA	NA	NA	NA	NA	NA	86	88	93	96	96	99	98	97	95	93	93	94	94	95	97	97	97	98	98	98	98	99	99	99	99	99	99	99	99	99	99	99	99	99	99	99	98	98
AGO	NA	NA	NA	25	28	28	32	29	32	47	48	53	47	53	48	60	65	70	60	49	53	70	76	54	63	51	54	75	73	70	79	74	73	71	72	64	40	69	72	69	58	56	60
ARG	62	70	77	70	78	90	99	94	91	92	99	99	99	99	99	99	99	99	98	96	95	92	95	99	99	99	99	99	99	99	99	99	99	99	99	96	92	95	93	85	75	80	79
ARM	NA	NA	NA	NA	NA	NA	NA	NA	NA	NA	NA	NA	88	84	83	84	82	72	95	93	97	96	97	92	96	94	91	94	98	99	95	96	96	99	99	99	99	99	99	99	99	98	98
AUT	90	90	90	90	90	90	90	90	90	90	NA	NA	NA	NA	NA	NA	NA	NA	NA	NA	NA	NA	NA	NA	NA	NA	NA	NA	NA	NA	NA	NA	NA	NA	NA	NA	NA	NA	NA	NA	NA	NA	NA
AZE	NA	NA	NA	NA	NA	NA	NA	NA	NA	NA	NA	NA	69	74	77	76	76	77	79	82	81	83	82	83	82	82	86	88	92	95	98	99	98	98	98	98	98	97	97	96	94	95	96
BGD	NA	1	1	2	2	2	4	15	26	56	86	87	89	93	95	93	90	92	91	92	94	95	95	93	96	97	97	98	99	99	98	99	98	99	99	99	99	99	99	99	99	99	99
BLR	NA	NA	NA	NA	NA	NA	NA	NA	NA	NA	NA	NA	95	93	94	96	97	98	99	99	99	99	99	99	99	99	99	98	98	98	99	99	98	99	98	97	98	98	98	97	97	98	98
BLZ	71	71	85	81	77	81	94	77	85	91	93	94	97	91	90	92	90	85	93	96	96	98	96	99	99	96	97	99	98	99	98	98	98	99	98	98	94	90	99	95	76	84	92
BEN	NA	NA	NA	NA	NA	27	41	46	50	75	92	82	84	89	94	85	80	78	83	87	92	91	90	90	89	88	93	97	96	93	90	88	96	95	96	96	88	88	88	88	88	88	88
BTN	43	44	45	46	47	54	60	67	73	93	99	95	90	89	96	98	98	92	94	90	97	81	83	93	92	92	92	94	99	94	96	95	95	97	99	99	99	99	99	92	98	99	99
BOL	30	30	31	27	23	24	53	55	56	64	65	67	81	84	92	87	98	88	85	95	92	90	93	96	86	88	87	87	90	93	98	99	99	94	94	99	96	93	90	80	82	78	76
BIH	NA	NA	NA	NA	NA	NA	NA	NA	NA	NA	NA	NA	20	24	85	64	80	97	92	99	93	95	91	94	95	95	97	98	96	97	96	94	96	97	98	95	97	97	95	96	96	94	96
BWA	92	93	94	94	95	97	99	95	95	92	93	93	94	95	96	96	97	98	99	99	99	99	99	99	99	99	99	99	99	99	98	98	98	98	98	98	98	98	98	98	98	98	98
BRA	56	62	64	66	75	63	65	68	74	74	79	87	90	95	93	99	99	99	99	99	99	99	99	99	99	99	99	99	99	99	99	99	99	99	99	99	96	94	98	85	73	69	88
BRN	99	99	99	99	90	95	85	84	85	88	91	94	97	99	99	99	99	99	96	98	99	99	95	95	99	94	99	96	99	99	95	96	99	99	99	99	99	99	99	99	99	99	99
BGR	99	99	99	99	99	99	99	99	99	99	99	99	99	99	98	99	98	97	98	99	98	98	98	98	98	98	98	98	98	98	98	98	97	97	97	96	96	96	96	96	97	97	96
BFA	NA	NA	NA	NA	NA	33	52	57	70	83	95	88	85	80	75	72	73	75	79	77	81	80	90	83	99	99	99	99	99	99	99	99	96	96	98	98	98	98	98	98	98	98	98
BDI	NA	59	56	52	46	52	77	82	54	99	97	87	90	73	61	92	90	87	86	84	85	87	88	90	91	89	98	97	99	98	93	90	98	95	92	93	93	92	91	93	83	95	94
CPV	NA	NA	NA	NA	NA	64	93	99	99	99	97	99	99	95	95	94	94	93	94	95	96	96	97	98	99	99	99	99	99	99	99	99	99	94	99	94	96	98	96	98	98	98	98
KHM	NA	NA	NA	NA	27	33	47	61	58	55	52	56	50	57	63	69	68	67	69	78	81	64	63	76	95	87	87	90	98	96	95	98	99	96	98	99	99	99	90	95	94	92	95
CMR	NA	8	27	46	49	54	60	65	71	76	76	69	62	58	59	62	69	75	80	78	78	79	79	82	83	90	96	89	91	81	83	80	81	82	87	83	84	87	84	80	80	77	65
CAF	17	26	24	29	32	34	37	42	53	86	96	91	85	81	77	94	86	78	70	62	66	70	71	72	73	74	74	74	74	74	74	74	74	37	68	64	61	61	61	61	61	61	61
TCD	NA	NA	NA	NA	8	15	24	32	38	59	59	40	34	34	43	43	39	45	45	45	49	52	46	40	41	41	57	45	31	47	58	53	62	60	58	70	59	59	26	51	60	67	67
CHL	96	96	94	92	95	96	96	97	98	97	94	99	99	97	99	97	99	92	92	95	93	98	96	95	95	95	98	98	99	95	95	91	92	98	98	93	97	96	96	98	98	98	99
CHN	NA	NA	NA	34	59	64	70	85	98	98	99	97	94	92	89	79	84	83	83	84	84	85	85	85	86	86	92	94	97	99	99	99	99	99	99	99	99	99	99	99	99	99	99
COL	45	57	65	79	69	76	70	80	99	94	95	95	88	96	99	99	99	97	85	80	91	87	87	97	92	94	96	93	93	90	84	87	89	85	89	90	88	91	89	90	89	87	87
COM	NA	NA	NA	NA	56	77	97	97	72	95	99	71	81	95	94	95	55	55	84	87	90	90	90	79	79	80	84	77	81	80	76	78	79	85	90	94	94	94	94	94	94	94	90
COG	92	NA	91	90	80	89	86	87	88	90	90	89	75	63	61	58	51	29	34	39	50	53	51	60	85	73	84	86	93	90	95	95	92	92	95	85	80	76	81	80	72	81	67
COK	29	44	59	74	60	99	87	89	90	94	99	96	94	94	99	96	90	85	98	97	99	98	98	99	99	99	99	99	99	99	99	98	98	98	99	99	99	99	99	99	98	97	95
CRI	80	81	81	83	86	82	79	83	86	89	92	81	94	98	94	99	92	82	88	91	95	91	96	93	97	96	95	99	99	91	88	90	91	93	95	99	99	99	99	99	99	88	99
CIV	NA	NA	NA	NA	17	29	41	53	52	47	62	65	70	74	75	69	68	73	71	74	80	80	79	78	71	85	77	94	91	95	79	76	93	85	85	80	95	93	96	97	91	93	92
HRV	NA	NA	NA	NA	NA	NA	NA	NA	NA	NA	NA	NA	92	98	98	99	99	98	97	96	98	97	99	98	98	98	99	99	99	99	99	99	99	99	98	98	99	98	98	98	98	97	97
CUB	99	97	97	96	97	98	98	96	99	98	98	98	98	97	99	99	99	99	99	99	99	99	99	99	99	99	99	99	99	99	99	99	99	99	99	99	99	99	99	99	99	99	99
CZE	NA	NA	NA	NA	NA	NA	NA	NA	NA	NA	NA	NA	NA	98	95	95	96	97	98	98	98	98	97	98	99	99	99	99	99	98	NA	NA	NA	NA	NA	NA	NA	NA	NA	NA	NA	NA	NA
PRK	50	52	51	52	49	51	53	69	98	99	99	99	99	99	90	82	73	64	69	73	78	82	96	88	95	94	96	96	97	98	98	98	98	98	98	97	97	98	96	96	99	95	0
COD	57	61	62	65	62	57	51	57	59	55	65	21	32	43	46	34	25	25	25	30	57	43	50	61	68	72	72	76	79	83	83	65	83	85	80	79	83	85	86	84	83	67	77
DJI	NA	NA	5	36	36	37	38	42	87	80	81	66	51	51	51	51	51	43	35	26	34	38	52	63	71	80	88	90	90	90	90	89	87	86	99	92	90	92	93	95	77	61	61
DMA	65	57	48	99	84	90	87	98	98	99	99	99	99	99	99	99	99	99	99	99	99	99	99	99	99	98	99	90	98	99	99	98	98	97	98	98	98	97	95	98	98	89	93
DOM	29	34	38	41	43	51	54	57	60	63	70	74	78	82	86	90	79	88	86	99	90	98	97	95	97	96	95	92	92	96	98	99	99	99	99	99	99	99	99	99	85	99	99
ECU	76	82	99	85	99	99	94	85	92	91	89	82	99	99	99	99	99	99	98	99	99	99	99	99	99	99	99	99	98	99	98	98	94	90	89	88	84	88	90	86	81	75	76
EGY	50	50	50	53	53	80	77	72	80	83	89	92	92	95	95	93	95	98	99	98	98	98	98	98	98	98	99	98	98	98	98	98	95	98	96	96	96	86	95	96	96	97	97
SLV	56	47	46	48	22	50	51	55	56	62	75	67	62	79	82	99	98	95	99	99	99	92	92	91	94	84	93	99	99	99	96	95	90	90	87	99	91	89	89	90	85	77	75
GNQ	NA	NA	NA	NA	NA	28	30	40	49	49	94	95	97	98	99	99	99	99	99	73	73	73	72	72	72	72	72	72	71	71	71	75	78	82	85	77	85	85	85	85	85	85	85
ERI	NA	NA	NA	NA	NA	NA	NA	NA	NA	NA	NA	NA	NA	40	60	68	75	83	96	98	89	91	94	97	99	99	99	99	95	96	96	97	97	97	97	97	97	97	97	97	97	97	97
EST	NA	NA	NA	NA	NA	NA	NA	NA	NA	NA	NA	NA	NA	98	98	99	99	99	99	99	99	99	99	99	99	99	99	98	98	97	97	99	97	96	95	95	95	94	92	92	91	90	86
SWZ	NA	59	66	72	73	79	91	94	95	96	96	71	97	98	99	99	85	85	86	87	88	89	90	91	92	93	94	95	96	97	98	98	99	99	99	98	97	98	98	98	97	97	97
ETH	NA	5	6	7	8	11	13	28	27	44	64	29	26	36	65	61	57	54	54	54	56	57	58	59	60	64	66	69	71	74	76	80	74	68	69	70	72	73	71	69	70	68	68
FJI	95	98	98	99	94	99	96	98	99	99	99	99	98	99	99	99	99	95	95	96	96	97	97	97	98	98	99	99	99	99	99	99	99	99	90	91	93	94	96	97	99	99	99
FIN	90	90	90	90	86	83	80	90	99	91	91	99	99	99	99	99	99	99	99	99	99	99	99	98	98	98	98	NA	NA	NA	NA	NA	NA	NA	NA	NA	NA	NA	NA	NA	NA	NA	NA
FRA	80	80	81	81	96	82	84	76	75	75	74	78	77	79	81	83	82	82	81	83	83	84	85	84	85	81	83	78	NA	NA	NA	NA	NA	NA	NA	NA	NA	NA	NA	NA	NA	NA	NA
GAB	NA	NA	82	80	77	80	90	95	95	96	96	97	97	97	94	90	90	90	90	89	89	90	90	91	91	92	92	92	93	93	94	94	97	92	91	98	94	93	87	92	85	86	82
GMB	85	96	91	96	98	92	96	97	96	98	98	97	97	98	99	99	99	99	99	98	99	99	99	99	99	99	97	97	95	94	92	90	98	98	96	98	98	94	94	88	85	81	83
GEO	NA	NA	NA	NA	NA	NA	NA	NA	NA	NA	NA	NA	67	30	30	70	70	76	94	95	95	94	91	87	91	95	95	96	95	95	96	96	95	95	96	96	98	96	97	96	96	96	95
GHA	NA	NA	NA	31	41	41	55	69	70	70	71	77	83	85	86	87	87	88	90	98	99	94	92	92	92	99	99	99	99	99	99	98	98	98	99	97	94	99	98	96	93	99	96
GRC	95	95	76	56	60	65	69	73	77	82	86	90	76	65	50	NA	NA	NA	NA	NA	NA	NA	NA	NA	NA	NA	NA	NA	NA	NA	NA	NA	NA	NA	NA	NA	NA	NA	NA	NA	NA	NA	NA
GTM	36	29	28	24	33	30	32	34	41	21	62	43	57	69	78	79	76	88	89	93	95	93	96	97	98	96	96	88	99	93	99	91	94	99	93	92	91	93	88	86	86	84	85
GIN	NA	4	7	10	14	18	23	27	31	31	50	60	65	70	75	78	77	76	76	82	81	81	80	80	79	80	81	84	87	91	93	82	77	71	66	72	73	73	73	73	73	73	73
GNB	NA	NA	NA	NA	42	56	69	82	89	95	90	94	99	96	95	92	68	82	78	74	77	79	82	84	87	89	90	92	93	94	93	92	94	93	93	92	91	87	89	84	67	34	80
GUY	68	73	78	76	49	98	76	69	64	76	85	89	88	94	94	93	88	94	92	91	93	95	91	95	94	96	96	97	96	98	98	97	98	98	99	99	95	97	99	99	94	90	99
HTI	NA	60	58	62	71	71	76	72	66	69	72	72	73	73	73	74	72	72	72	71	72	72	73	74	74	75	75	78	78	80	82	83	82	82	81	83	83	83	83	73	73	73	73
HND	25	41	50	55	41	65	72	66	64	80	70	99	92	95	99	97	99	99	96	93	99	99	94	91	98	98	97	99	99	99	99	99	98	97	96	94	93	92	93	87	83	82	77
HUN	99	99	99	99	99	99	99	99	99	99	99	99	99	99	99	99	99	99	99	99	99	99	99	99	99	99	99	99	99	99	99	99	99	99	99	99	99	99	99	99	99	99	99
IND	NA	4	4	6	7	8	9	23	23	28	66	62	65	69	71	81	79	72	73	74	74	75	75	77	80	86	86	87	86	88	89	90	90	91	89	87	89	92	92	92	85	84	91
IDN	61	55	60	58	56	65	66	68	70	72	74	75	76	78	77	77	87	85	84	83	81	80	82	83	85	86	88	83	80	78	88	98	88	90	90	90	90	93	92	90	87	81	93
IRN	7	6	10	10	10	79	56	56	88	85	95	91	99	99	99	96	96	91	99	99	99	91	97	99	99	99	99	99	99	99	99	99	99	99	99	99	99	99	99	99	98	99	99
IRQ	76	80	83	87	91	94	98	99	98	96	96	96	96	96	97	97	96	95	94	93	93	93	94	94	94	92	89	92	87	92	90	94	99	99	99	94	87	92	95	98	99	94	96
IRL	NA	NA	NA	75	75	80	81	81	82	83	84	84	85	86	86	87	88	89	89	89	89	89	90	90	30	31	31	33	34	30	30	41	42	76	74	77	18	NA	NA	NA	NA	NA	NA
ISR	75	70	68	NA	NA	NA	NA	NA	NA	NA	NA	NA	NA	NA	NA	NA	NA	NA	NA	NA	NA	NA	NA	NA	NA	NA	NA	NA	NA	NA	NA	NA	NA	NA	NA	NA	NA	NA	NA	NA	NA	NA	NA
JAM	38	32	27	56	50	51	73	92	96	99	98	94	85	99	99	98	98	97	85	89	94	96	90	88	90	95	90	87	92	94	95	95	95	93	90	99	96	93	93	97	99	97	97
JPN	NA	85	96	91	85	85	85	85	85	85	85	94	93	91	NA	NA	NA	NA	NA	NA	NA	NA	NA	NA	NA	NA	NA	94	90	94	99	94	95	93	93	84	98	93	99	97	95	98	98
JOR	NA	NA	NA	NA	NA	NA	NA	NA	NA	NA	NA	NA	NA	NA	NA	NA	NA	NA	NA	NA	NA	NA	29	67	58	89	95	90	95	95	95	95	96	98	95	98	99	99	94	86	76	76	76
KAZ	NA	NA	NA	NA	NA	NA	NA	NA	NA	NA	NA	NA	90	93	86	90	93	99	99	99	98	95	99	99	65	69	99	99	97	96	96	96	95	95	95	95	95	95	95	87	93	94	93
KEN	NA	NA	NA	NA	76	82	80	86	90	90	92	94	96	96	97	97	96	96	99	88	91	94	91	87	87	85	92	92	98	99	99	99	97	92	94	87	99	89	95	93	92	97	97
KIR	66	68	91	72	54	62	65	68	98	99	93	94	79	87	60	47	99	99	97	70	80	85	88	91	94	93	91	90	83	76	87	86	95	86	72	79	79	89	90	92	93	96	96
KWT	NA	NA	NA	NA	NA	NA	NA	NA	NA	NA	NA	NA	NA	NA	NA	NA	NA	NA	NA	NA	NA	NA	NA	NA	NA	NA	84	94	99	99	98	99	97	99	99	99	96	99	96	97	98	99	99
KGZ	NA	NA	NA	NA	NA	NA	NA	NA	NA	NA	NA	NA	97	95	97	96	99	97	94	99	96	99	99	99	98	96	99	98	99	98	98	98	98	98	97	97	97	97	97	96	96	97	97
LAO	NA	4	6	7	7	8	10	15	27	29	26	34	34	42	69	62	61	58	56	63	69	60	65	65	60	65	61	56	68	67	72	78	85	87	89	89	89	91	92	85	90	80	90
LVA	NA	NA	NA	NA	NA	NA	NA	NA	NA	NA	NA	NA	93	91	99	99	99	99	99	99	99	99	99	97	98	97	95	95	95	96	92	93	94	94	92	93	96	96	95	96	99	96	99
LSO	81	81	84	87	89	91	88	84	86	87	89	90	92	93	95	96	95	94	93	92	88	83	90	96	96	96	95	95	95	92	90	87	93	98	97	95	96	96	96	96	96	96	85
LBR	NA	NA	NA	NA	NA	NA	NA	NA	NA	NA	NA	NA	NA	NA	NA	NA	NA	NA	NA	82	78	73	69	64	60	76	77	77	85	87	73	85	85	87	73	74	81	87	92	84	85	81	67
LBY	88	78	89	84	85	87	92	95	92	90	90	95	99	99	99	99	97	97	97	97	98	99	99	99	99	99	99	99	99	99	99	99	99	99	99	99	99	99	74	74	74	74	74
LTU	NA	NA	NA	NA	NA	NA	NA	NA	NA	NA	NA	NA	94	98	96	97	98	98	99	99	99	99	99	99	99	99	99	99	99	99	99	98	98	98	98	97	98	97	96	97	96	93	93
MDG	21	26	22	31	28	31	49	54	70	72	67	75	77	77	77	72	67	67	70	72	72	73	73	77	85	92	95	94	83	78	76	82	74	70	64	56	74	74	77	79	75	52	63
MWI	NA	86	87	81	74	87	87	92	90	96	97	96	98	96	94	97	95	99	99	87	83	93	78	91	97	99	99	95	97	95	97	99	99	96	97	90	86	89	92	91	87	89	84
MYS	94	91	95	94	95	95	96	98	99	99	99	99	99	98	97	98	98	98	98	99	99	98	98	99	99	98	98	99	99	99	99	99	99	99	99	99	98	99	98	99	99	99	98
MDV	7	8	20	27	36	45	54	62	98	98	99	99	99	89	98	99	99	99	99	98	99	98	99	98	98	97	99	98	98	99	97	98	99	99	99	99	99	99	99	99	99	99	99
MLI	NA	19	23	26	30	33	37	51	64	85	82	68	70	74	75	76	80	84	79	78	69	75	82	74	76	83	86	86	86	84	82	84	77	70	73	78	82	83	83	83	78	83	83
MLT	NA	NA	NA	63	63	65	72	79	67	79	77	87	79	77	77	92	96	NA	NA	NA	NA	NA	NA	NA	NA	NA	NA	NA	NA	NA	NA	NA	NA	NA	NA	NA	NA	NA	NA	NA	NA	NA	NA
MHL	NA	NA	NA	NA	NA	NA	NA	NA	NA	NA	49	71	72	88	96	71	98	94	81	81	89	99	90	93	91	93	92	92	95	98	99	80	97	93	89	99	94	92	98	89	91	83	95
MRT	NA	57	61	66	70	74	73	77	79	79	79	80	81	84	82	80	79	78	77	75	78	95	99	96	94	91	86	92	89	81	85	86	95	95	93	85	86	88	89	90	82	79	88
MUS	89	87	89	88	88	87	88	87	88	88	87	87	87	87	87	86	86	87	87	86	88	89	87	99	99	99	97	98	96	95	99	99	99	99	97	98	98	99	99	99	96	95	97
MEX	48	41	50	52	47	16	54	71	72	80	67	89	94	93	97	98	99	99	99	99	99	99	99	99	99	99	99	99	99	99	98	99	99	91	96	98	99	94	96	76	28	99	95
FSM	NA	NA	NA	NA	NA	NA	NA	NA	NA	8	12	50	50	50	50	50	49	48	52	39	24	39	52	64	62	70	55	82	79	75	70	75	78	70	73	76	85	83	80	77	84	59	75
MCO	NA	NA	NA	NA	NA	NA	NA	NA	99	99	99	99	98	94	90	90	93	95	99	99	97	94	92	89	89	89	89	89	89	89	89	89	89	NA	NA	NA	NA	NA	NA	NA	NA	NA	NA
MNG	51	53	52	52	52	52	54	60	78	92	81	85	83	84	90	94	90	96	95	97	97	98	98	98	98	99	98	99	98	98	99	99	99	99	99	99	99	99	99	99	99	99	99
MNE	NA	NA	NA	NA	NA	NA	NA	NA	NA	NA	NA	NA	NA	NA	NA	NA	NA	NA	NA	NA	NA	NA	NA	NA	NA	NA	98	98	98	95	95	97	95	93	91	88	85	83	93	80	67	76	86
MAR	NA	NA	50	62	70	77	83	92	92	91	96	96	97	99	97	96	96	94	90	93	97	93	92	92	95	95	95	96	99	99	99	99	99	99	99	99	99	99	99	99	99	99	99
MOZ	NA	46	56	59	49	47	45	52	49	53	59	63	64	66	78	78	78	80	81	83	84	86	87	90	90	90	90	90	90	90	90	91	92	93	94	94	94	94	93	93	91	79	79
MMR	9	15	20	28	36	45	28	54	60	66	95	69	77	80	83	90	92	94	95	90	88	75	82	80	85	76	85	89	88	93	93	93	87	86	92	94	88	91	90	91	87	48	79
NAM	NA	NA	NA	NA	NA	NA	NA	NA	NA	NA	NA	91	92	92	99	92	79	65	85	80	77	69	81	92	94	95	88	95	88	85	88	89	90	94	97	94	89	94	96	98	99	93	93
NRU	NA	NA	NA	NA	81	81	87	93	95	96	93	90	86	84	81	78	78	78	89	95	93	99	99	97	93	90	99	99	99	99	99	99	99	99	99	99	99	99	99	99	99	99	99
NPL	22	32	59	53	58	67	67	62	66	70	74	74	75	75	76	76	81	86	81	93	84	84	85	91	85	87	93	89	87	94	94	97	96	97	99	94	93	95	96	96	92	95	96
NIC	34	66	83	89	98	99	99	94	91	94	84	74	91	91	92	93	94	95	92	99	96	97	93	94	88	88	98	98	99	99	99	99	99	99	99	99	99	99	99	99	93	86	89
NER	NA	28	28	28	28	28	28	28	27	32	50	38	38	34	32	53	53	48	48	47	50	53	56	58	61	64	69	73	78	86	81	53	85	43	87	94	91	92	87	70	94	95	95
NGA	NA	23	21	19	16	28	40	47	54	61	80	60	57	52	55	42	43	29	49	46	44	41	38	42	45	49	52	53	65	76	62	57	51	51	51	53	64	67	71	75	74	74	74
NIU	85	99	80	60	41	41	71	99	99	99	99	99	99	99	99	92	99	99	99	99	99	99	99	99	96	97	99	99	99	99	99	99	99	99	99	99	92	99	99	99	94	88	99
MKD	NA	NA	NA	NA	NA	NA	NA	NA	NA	NA	NA	NA	NA	95	90	95	98	97	90	97	97	97	91	95	94	99	92	95	94	98	96	94	95	97	99	94	99	97	93	93	93	93	93
OMN	51	54	77	77	79	93	95	97	96	95	96	94	96	95	96	96	96	96	96	98	98	98	98	98	99	98	99	99	99	99	99	99	99	99	99	99	99	99	99	99	99	99	99
PAK	6	11	12	35	55	62	69	72	77	80	80	80	80	77	75	73	59	62	66	70	74	78	82	80	78	78	77	77	75	74	74	83	84	84	85	86	86	86	90	93	91	93	95
PAN	99	98	83	81	89	94	92	90	92	87	97	87	84	92	95	99	99	99	99	99	99	99	99	99	99	99	98	97	98	99	99	99	98	95	99	99	99	99	99	99	99	99	99
PNG	62	64	50	58	66	66	76	74	80	82	92	89	82	94	85	91	80	88	86	82	88	81	84	89	89	90	90	81	80	89	88	91	91	93	84	67	72	62	52	45	52	42	48
PRY	31	42	47	55	80	68	51	66	56	66	75	78	84	80	82	82	83	83	84	85	85	86	83	88	97	98	99	98	94	91	93	94	93	91	96	96	94	96	91	87	84	79	79
PER	57	63	65	61	64	63	54	61	70	62	83	78	85	87	91	94	99	98	96	97	93	87	92	94	95	95	96	96	97	97	95	91	95	95	94	91	90	91	93	94	87	87	89
PHL	56	61	66	69	71	76	84	90	95	96	96	97	94	91	86	82	86	91	92	92	92	92	85	86	91	91	91	90	91	92	93	94	95	92	88	85	90	83	77	70	64	47	63
POL	93	93	93	95	95	95	95	95	95	95	97	94	95	95	94	98	97	96	96	96	96	95	95	93	94	94	94	93	93	94	93	94	94	93	92	94	93	92	92	92	91	92	92
PRT	NA	74	76	76	79	82	71	78	86	87	88	89	92	91	87	94	87	87	88	85	82	82	81	81	83	89	99	98	98	98	96	97	99	99	99	32	NA	NA	NA	NA	NA	NA	NA
QAT	4	28	44	69	73	76	84	85	85	79	97	98	99	99	96	96	98	99	99	99	99	99	99	99	99	99	99	96	97	98	99	97	97	98	90	97	97	99	99	99	98	99	99
KOR	NA	42	44	45	47	47	47	54	57	70	72	77	83	88	93	93	92	91	75	74	73	81	89	87	93	97	98	96	96	96	96	99	99	99	99	97	98	98	98	98	98	98	98
MDA	NA	NA	NA	NA	NA	NA	NA	NA	NA	NA	NA	NA	92	92	94	95	97	97	98	99	99	99	99	99	99	97	99	98	98	96	98	98	99	96	97	97	97	96	96	94	95	98	93
ROU	NA	NA	NA	NA	NA	NA	93	95	93	90	90	99	99	99	99	99	99	99	99	99	99	99	99	99	99	98	99	99	99	99	99	99	99	98	98	98	84	97	96	96	97	97	97
RUS	NA	NA	NA	NA	NA	NA	NA	NA	NA	NA	NA	NA	86	87	92	92	93	94	95	96	96	96	97	97	96	97	97	97	96	96	96	95	96	96	96	96	96	95	95	96	95	95	96
RWA	NA	51	50	49	66	83	92	92	91	92	92	94	94	82	32	89	93	96	95	94	81	74	81	88	86	91	98	89	93	99	99	99	99	99	99	99	99	98	97	98	89	89	98
KNA	NA	NA	NA	NA	NA	NA	NA	NA	75	78	80	83	86	88	91	94	96	99	99	99	99	95	99	99	89	99	99	97	95	93	91	99	95	94	99	95	96	97	97	99	98	96	93
LCA	27	44	60	69	80	99	73	89	85	99	94	95	99	95	99	98	89	99	85	99	91	99	95	95	99	97	94	99	99	97	97	99	99	99	89	99	96	88	99	95	89	81	89
VCT	NA	NA	NA	NA	32	84	76	90	95	99	99	99	99	99	99	99	99	98	99	99	99	99	91	87	99	95	99	93	87	80	90	99	97	96	98	99	99	99	99	99	99	62	62
WSM	72	84	96	99	97	97	97	98	97	80	97	95	91	94	97	96	98	99	99	99	97	98	98	73	93	86	84	91	98	92	87	95	90	90	92	86	81	89	68	96	99	92	96
STP	NA	95	90	86	82	75	99	88	88	94	99	99	83	77	86	95	85	70	80	81	81	92	96	99	99	98	98	98	99	99	99	99	99	97	95	97	92	94	96	95	94	93	93
SAU	33	49	56	72	88	89	90	91	93	96	90	85	91	93	94	94	91	91	92	92	94	94	98	94	95	96	95	96	98	98	98	98	99	99	98	98	98	97	98	52	95	94	98
SEN	NA	NA	NA	NA	NA	NA	92	92	91	90	90	80	80	80	80	91	81	81	81	90	89	89	70	77	95	92	94	96	98	97	97	97	97	97	95	95	97	99	94	95	95	87	87
SRB	NA	NA	NA	NA	NA	NA	NA	NA	NA	NA	NA	NA	97	97	97	97	97	96	89	82	85	88	91	94	97	98	99	98	99	98	99	99	98	97	98	98	98	97	98	98	98	98	96
SYC	NA	67	83	98	95	92	94	94	94	94	98	99	99	99	99	99	99	99	99	99	99	99	99	99	99	99	99	99	99	96	99	99	99	99	98	99	99	99	97	98	99	99	99
SLE	NA	NA	NA	NA	NA	NA	NA	NA	NA	NA	NA	NA	NA	NA	NA	NA	NA	NA	NA	73	74	63	76	89	86	85	83	82	91	96	97	97	98	99	90	90	92	90	88	86	72	74	73
SGP	85	83	87	83	93	93	99	98	99	99	99	99	99	98	97	98	98	98	98	99	99	98	98	99	99	98	98	99	99	99	99	99	99	99	99	99	99	99	99	98	98	98	98
SVK	NA	NA	NA	NA	NA	NA	NA	NA	NA	NA	NA	NA	NA	NA	98	92	96	95	93	96	94	93	98	98	98	98	98	98	98	97	98	97	90	NA	NA	NA	NA	NA	NA	NA	NA	NA	NA
SVN	NA	NA	NA	NA	NA	NA	NA	NA	NA	NA	NA	NA	93	99	99	99	98	97	98	96	98	98	97	97	96	NA	NA	NA	NA	NA	NA	NA	NA	NA	NA	NA	NA	NA	NA	NA	NA	NA	NA
SLB	65	43	36	39	61	50	47	66	79	82	87	83	75	66	76	77	96	73	74	99	99	94	87	93	99	96	99	98	92	92	91	94	85	82	81	79	80	78	83	77	82	83	88
SOM	6	3	8	7	17	30	28	33	39	31	31	31	37	42	48	46	43	37	54	71	69	70	60	65	50	50	40	38	36	29	41	39	37	37	37	37	37	37	37	37	37	37	37
ZAF	NA	NA	NA	71	67	70	61	64	55	73	57	63	66	95	95	95	95	97	94	92	89	86	84	81	78	76	79	79	84	82	81	84	86	88	93	83	79	75	70	84	86	86	84
SSD	NA	NA	NA	NA	NA	NA	NA	NA	NA	NA	NA	NA	NA	NA	NA	NA	NA	NA	NA	NA	NA	NA	NA	NA	NA	NA	NA	NA	NA	NA	NA	75	65	58	55	55	52	65	66	66	69	71	72
LKA	61	58	65	64	67	71	79	76	81	90	84	88	87	88	86	90	88	96	90	97	98	98	99	99	99	99	99	99	99	99	99	99	99	99	99	99	99	99	99	99	99	99	99
PSE	NA	NA	NA	NA	NA	NA	NA	NA	NA	NA	NA	NA	NA	NA	99	91	95	89	92	91	92	97	96	99	98	99	99	99	99	99	98	98	98	99	99	99	99	99	99	99	99	99	99
SDN	2	3	3	5	8	12	22	43	54	75	77	78	68	66	60	63	71	70	61	66	56	67	65	69	66	72	77	83	88	82	90	92	92	93	95	88	96	97	88	92	92	80	80
SWE	3	4	6	10	16	16	14	14	14	13	13	12	13	13	13	14	14	15	16	16	16	16	16	17	18	20	21	23	23	21	23	23	24	27	26	24	26	25	26	25	26	24	24
SYR	35	36	37	45	49	53	98	71	87	98	92	95	92	91	91	91	91	91	91	91	91	91	90	90	90	90	91	93	93	95	97	90	82	84	81	66	72	78	79	84	74	76	76
TJK	NA	NA	NA	NA	NA	NA	NA	NA	NA	NA	NA	NA	88	69	96	96	99	99	98	98	98	96	97	98	95	97	93	83	89	82	98	97	97	98	98	98	98	98	99	98	98	98	99
THA	68	71	73	75	76	80	83	93	91	98	99	99	99	99	99	98	98	99	99	98	99	99	99	99	99	99	99	99	99	99	99	99	99	99	99	99	99	99	99	99	99	99	99
TLS	NA	NA	NA	NA	NA	NA	NA	NA	NA	NA	NA	NA	NA	NA	NA	NA	NA	NA	NA	NA	NA	NA	75	72	72	70	74	74	85	74	79	79	86	86	79	79	86	95	95	95	88	88	88
TGO	NA	44	48	51	55	54	53	95	91	94	99	96	92	89	86	83	79	76	70	81	84	83	81	79	91	96	96	91	92	91	97	97	97	97	82	93	93	89	97	98	96	98	91
TON	99	86	98	83	78	99	98	93	95	97	99	99	96	97	99	99	99	99	99	99	99	91	95	99	99	99	99	99	99	99	99	99	95	99	99	91	91	99	99	99	99	99	99
TUN	NA	NA	87	88	89	90	92	93	95	96	96	96	97	97	97	97	97	97	93	94	95	91	91	93	97	98	99	99	99	98	98	98	99	97	95	97	95	91	92	91	92	85	84
TUR	NA	42	47	65	71	76	82	87	97	95	93	91	89	90	91	90	89	89	91	93	96	95	89	88	85	88	88	94	96	96	97	96	96	96	95	96	96	93	96	96	96	95	98
TKM	NA	NA	NA	NA	NA	NA	NA	NA	NA	NA	NA	NA	97	94	97	93	93	97	98	99	99	99	99	99	99	99	99	99	99	99	99	98	99	98	99	99	98	98	98	98	98	98	98
TUV	99	89	78	99	90	90	92	86	95	98	96	95	97	87	90	88	99	99	99	99	99	99	99	99	99	99	99	99	99	99	99	99	99	99	99	99	99	99	99	99	99	99	99
UGA	NA	18	23	28	32	37	51	61	70	72	75	77	79	82	84	83	82	82	75	80	82	83	85	87	88	90	83	87	86	90	86	97	95	93	91	95	94	89	88	88	91	83	82
UKR	NA	NA	NA	NA	NA	NA	NA	NA	NA	NA	NA	NA	93	89	92	95	97	97	97	99	98	98	98	98	98	96	97	98	95	94	92	90	95	95	39	39	75	84	90	84	93	86	71
ARE	15	18	28	37	42	60	78	92	93	96	96	96	98	98	98	98	98	98	98	98	98	98	98	98	98	98	98	98	98	98	98	96	94	94	90	96	99	95	95	94	86	99	96
TZA	72	74	64	83	73	90	82	94	93	92	85	95	99	94	92	96	80	85	83	87	86	91	88	91	91	91	90	89	89	93	99	99	99	99	99	97	95	93	91	91	87	83	90
URY	56	76	76	99	93	92	92	98	98	99	99	99	99	98	99	99	99	99	99	99	99	99	99	99	99	99	99	99	99	99	99	99	99	98	99	98	98	98	98	99	99	99	97
UZB	NA	NA	NA	NA	NA	NA	NA	NA	NA	NA	NA	NA	98	98	93	99	96	97	97	98	98	98	99	99	99	93	99	99	96	99	99	99	99	99	99	99	99	99	96	99	99	99	99
VUT	NA	32	61	58	64	83	75	79	73	80	96	99	84	96	82	67	72	78	78	79	79	79	80	80	80	81	81	83	85	86	88	90	92	93	95	95	94	95	94	97	77	76	81
VEN	72	77	76	82	92	89	86	63	76	88	82	90	85	81	95	91	90	89	82	98	99	93	90	91	96	95	83	82	90	91	92	95	96	95	97	99	97	94	92	91	82	68	68
VNM	NA	NA	NA	4	48	50	55	59	79	94	90	91	91	94	96	96	95	96	93	95	98	97	97	97	96	95	95	94	92	97	94	98	98	95	96	97	95	97	95	96	95	88	88
YEM	9	12	13	15	16	20	23	30	52	75	95	63	54	57	41	60	58	54	66	79	82	78	73	66	64	66	67	64	60	58	65	59	64	71	73	47	73	66	64	69	71	70	73
ZMB	NA	72	70	68	71	92	95	97	97	97	97	95	94	92	98	97	96	95	95	95	94	94	94	93	93	92	92	91	91	92	92	92	92	95	99	97	99	99	91	95	85	92	85
ZWE	NA	64	65	67	69	76	94	94	89	90	91	91	91	95	95	96	96	92	88	86	84	82	80	78	76	80	84	87	91	90	99	98	98	95	99	90	95	95	95	95	88	88	96
